team strategy: [0.02, 0.02, 0.66, 0.3]
goals distribution: [ 6761. 20081. 24280. 15806.  6148.  1452.   302.    60.   159.   951.]
avg_total_points: 74.47763157894737
std_total_points: 2.358029505958212
avg_over_72: 24.0115
std_over_72: 5.088061295817887


team strategy: [0.02, 0.02, 0.3, 0.66]
goals distribution: [ 7569. 22080. 25303. 14105.  4409.   760.    82.    81.   310.  1301.]
avg_total_points: 73.3885855263158
std_total_points: 2.296615673075975
avg_over_72: 22.324
std_over_72: 5.39916882492111


team strategy: [0.05, 0.05, 0.45, 0.4]
goals distribution: [ 5827. 21312. 26766. 15268.  4754.   883.   124.    33.   174.   859.]
avg_total_points: 74.07847368421052
std_total_points: 1.9799211850202438
avg_over_72: 23.9015
std_over_72: 4.565281782102831


team strategy: [0.1, 0.1, 0.1, 0.7]
goals distribution: [4.7060e+03 1.9378e+04 2.7297e+04 1.6792e+04 5.7830e+03 1.1680e+03
 1.2400e+02 1.8000e+01 8.9000e+01 6.4500e+02]
avg_total_points: 74.82278947368421
std_total_points: 1.9344854788462578
avg_over_72: 25.5835
std_over_72: 4.5222812550747


team strategy: [0.1, 0.1, 0.7, 0.1]
goals distribution: [4.1510e+03 2.0110e+04 2.8110e+04 1.6225e+04 5.5010e+03 1.3140e+03
 1.7000e+02 8.0000e+00 4.9000e+01 3.6200e+02]
avg_total_points: 74.92023684210527
std_total_points: 1.9081842410117082
avg_over_72: 25.662
std_over_72: 4.627391922022599


team strategy: [0.1, 0.05, 0.8, 0.05]
goals distribution: [4.2880e+03 2.0064e+04 2.6816e+04 1.6982e+04 6.1070e+03 1.2130e+03
 1.3000e+02 9.0000e+00 3.7000e+01 3.5400e+02]
avg_total_points: 75.01403289473684
std_total_points: 1.7206730970212423
avg_over_72: 25.6255
std_over_72: 4.074340406740704


team strategy: [0.1, 0.15, 0.25, 0.5]
goals distribution: [ 4944. 19684. 27014. 16479.  5484.  1161.   166.    38.   148.   882.]
avg_total_points: 74.63623684210526
std_total_points: 1.9732247133539
avg_over_72: 25.1515
std_over_72: 4.575537973834335


team strategy: [0.1, 0.15, 0.45, 0.3]
goals distribution: [ 4714. 18282. 26800. 17119.  6157.  1582.   293.    80.   210.   763.]
avg_total_points: 75.09227631578948
std_total_points: 2.045790253569442
avg_over_72: 25.9845
std_over_72: 4.520979954611611


team strategy: [0.1, 0.3, 0.45, 0.15]
goals distribution: [ 3789. 17912. 29353. 17440.  5406.  1113.   143.    55.   162.   627.]
avg_total_points: 75.05794736842105
std_total_points: 1.9090157679328024
avg_over_72: 26.7235
std_over_72: 4.6476927340348135


team strategy: [0.15, 0.25, 0.25, 0.35]
goals distribution: [ 3538. 15977. 28402. 19076.  6516.  1521.   217.    35.   126.   592.]
avg_total_points: 75.72765789473684
std_total_points: 1.9293633228911167
avg_over_72: 27.874
std_over_72: 4.26862085456181


team strategy: [0.2, 0.3, 0.15, 0.35]
goals distribution: [ 3542. 15237. 28872. 19042.  6585.  1657.   269.    55.   148.   593.]
avg_total_points: 75.81688157894736
std_total_points: 1.8356607247053474
avg_over_72: 28.22
std_over_72: 4.061477563646019


team strategy: [0.2, 0.4, 0.3, 0.1]
goals distribution: [3.3700e+03 1.7740e+04 3.1041e+04 1.6764e+04 5.2040e+03 1.1970e+03
 1.3400e+02 1.9000e+01 8.6000e+01 4.4500e+02]
avg_total_points: 75.15955921052633
std_total_points: 1.586547689026414
avg_over_72: 27.172
std_over_72: 3.9376917096187203


team strategy: [0.2, 0.5, 0.2, 0.1]
goals distribution: [3.3620e+03 1.7140e+04 3.0431e+04 1.7460e+04 5.6020e+03 1.2780e+03
 1.3400e+02 2.3000e+01 1.0300e+02 4.6700e+02]
avg_total_points: 75.329875
std_total_points: 1.629043580280332
avg_over_72: 27.452
std_over_72: 3.953314558696285


	 [[0.02, 0.02, 0.66, 0.3], [0.02, 0.02, 0.3, 0.66], [0.05, 0.05, 0.45, 0.4], [0.1, 0.1, 0.1, 0.7], [0.1, 0.1, 0.7, 0.1], [0.1, 0.05, 0.8, 0.05], [0.1, 0.15, 0.25, 0.5], [0.1, 0.15, 0.45, 0.3], [0.1, 0.3, 0.45, 0.15], [0.15, 0.25, 0.25, 0.35], [0.2, 0.3, 0.15, 0.35], [0.2, 0.4, 0.3, 0.1], [0.2, 0.5, 0.2, 0.1]] 	
[0.02, 0.02, 0.66, 0.3] 	 [0.38,0.23, 0.38] 	[0.41,0.24, 0.35] 	[0.39,0.24, 0.37] 	[0.37,0.24, 0.39] 	[0.37,0.24, 0.39] 	[0.37,0.24, 0.39] 	[0.37,0.24, 0.39] 	[0.36,0.24, 0.41] 	[0.35,0.24, 0.4] 	[0.33,0.24, 0.43] 	[0.33,0.24, 0.43] 	[0.35,0.25, 0.4] 	[0.35,0.25, 0.41] 	
[0.02, 0.02, 0.3, 0.66] 	 [0.35,0.24, 0.41] 	[0.38,0.24, 0.38] 	[0.36,0.25, 0.39] 	[0.33,0.25, 0.42] 	[0.34,0.25, 0.42] 	[0.33,0.25, 0.42] 	[0.34,0.24, 0.42] 	[0.32,0.24, 0.44] 	[0.32,0.25, 0.43] 	[0.3,0.24, 0.46] 	[0.3,0.24, 0.46] 	[0.32,0.25, 0.43] 	[0.31,0.25, 0.44] 	
[0.05, 0.05, 0.45, 0.4] 	 [0.37,0.24, 0.39] 	[0.39,0.25, 0.36] 	[0.37,0.25, 0.37] 	[0.35,0.25, 0.4] 	[0.35,0.26, 0.39] 	[0.35,0.25, 0.4] 	[0.35,0.25, 0.4] 	[0.34,0.25, 0.42] 	[0.33,0.26, 0.41] 	[0.31,0.25, 0.44] 	[0.31,0.25, 0.44] 	[0.33,0.26, 0.41] 	[0.33,0.26, 0.42] 	
[0.1, 0.1, 0.1, 0.7] 	 [0.39,0.24, 0.37] 	[0.42,0.25, 0.33] 	[0.4,0.25, 0.35] 	[0.37,0.25, 0.37] 	[0.38,0.26, 0.37] 	[0.37,0.25, 0.37] 	[0.38,0.25, 0.37] 	[0.36,0.25, 0.39] 	[0.36,0.26, 0.38] 	[0.34,0.25, 0.41] 	[0.33,0.25, 0.42] 	[0.36,0.26, 0.38] 	[0.35,0.26, 0.39] 	
[0.1, 0.1, 0.7, 0.1] 	 [0.39,0.24, 0.37] 	[0.42,0.25, 0.34] 	[0.39,0.26, 0.35] 	[0.37,0.26, 0.38] 	[0.37,0.26, 0.37] 	[0.37,0.26, 0.38] 	[0.37,0.26, 0.37] 	[0.36,0.25, 0.39] 	[0.35,0.26, 0.39] 	[0.33,0.26, 0.41] 	[0.33,0.26, 0.42] 	[0.35,0.27, 0.38] 	[0.34,0.26, 0.39] 	
[0.1, 0.05, 0.8, 0.05] 	 [0.39,0.24, 0.37] 	[0.42,0.25, 0.33] 	[0.4,0.25, 0.35] 	[0.37,0.25, 0.37] 	[0.38,0.26, 0.37] 	[0.37,0.25, 0.37] 	[0.38,0.25, 0.37] 	[0.36,0.25, 0.39] 	[0.36,0.26, 0.38] 	[0.34,0.25, 0.41] 	[0.33,0.25, 0.41] 	[0.36,0.26, 0.38] 	[0.35,0.26, 0.39] 	
[0.1, 0.15, 0.25, 0.5] 	 [0.39,0.24, 0.37] 	[0.42,0.24, 0.34] 	[0.4,0.25, 0.35] 	[0.37,0.25, 0.38] 	[0.37,0.26, 0.37] 	[0.37,0.25, 0.38] 	[0.37,0.25, 0.37] 	[0.36,0.25, 0.39] 	[0.36,0.26, 0.39] 	[0.33,0.25, 0.41] 	[0.33,0.25, 0.42] 	[0.36,0.26, 0.38] 	[0.35,0.26, 0.39] 	
[0.1, 0.15, 0.45, 0.3] 	 [0.41,0.24, 0.36] 	[0.44,0.24, 0.32] 	[0.42,0.25, 0.34] 	[0.39,0.25, 0.36] 	[0.39,0.25, 0.36] 	[0.39,0.25, 0.36] 	[0.39,0.25, 0.36] 	[0.38,0.24, 0.38] 	[0.37,0.25, 0.37] 	[0.35,0.25, 0.4] 	[0.35,0.25, 0.4] 	[0.37,0.26, 0.37] 	[0.37,0.26, 0.38] 	
[0.1, 0.3, 0.45, 0.15] 	 [0.4,0.24, 0.35] 	[0.43,0.25, 0.32] 	[0.41,0.26, 0.33] 	[0.38,0.26, 0.36] 	[0.39,0.26, 0.35] 	[0.38,0.26, 0.36] 	[0.39,0.26, 0.36] 	[0.37,0.25, 0.37] 	[0.37,0.27, 0.37] 	[0.34,0.26, 0.4] 	[0.34,0.26, 0.4] 	[0.37,0.27, 0.36] 	[0.36,0.27, 0.37] 	
[0.15, 0.25, 0.25, 0.35] 	 [0.43,0.24, 0.33] 	[0.46,0.24, 0.3] 	[0.44,0.25, 0.31] 	[0.41,0.25, 0.34] 	[0.41,0.26, 0.33] 	[0.41,0.25, 0.34] 	[0.41,0.25, 0.33] 	[0.4,0.25, 0.35] 	[0.4,0.26, 0.34] 	[0.37,0.26, 0.37] 	[0.37,0.26, 0.38] 	[0.4,0.27, 0.34] 	[0.39,0.26, 0.35] 	
[0.2, 0.3, 0.15, 0.35] 	 [0.43,0.24, 0.33] 	[0.46,0.24, 0.3] 	[0.44,0.25, 0.31] 	[0.42,0.25, 0.33] 	[0.42,0.26, 0.33] 	[0.41,0.25, 0.33] 	[0.42,0.25, 0.33] 	[0.4,0.25, 0.35] 	[0.4,0.26, 0.34] 	[0.38,0.26, 0.37] 	[0.37,0.26, 0.37] 	[0.4,0.27, 0.33] 	[0.39,0.26, 0.34] 	
[0.2, 0.4, 0.3, 0.1] 	 [0.4,0.25, 0.35] 	[0.43,0.25, 0.32] 	[0.41,0.26, 0.33] 	[0.38,0.26, 0.36] 	[0.38,0.27, 0.35] 	[0.38,0.26, 0.36] 	[0.38,0.26, 0.36] 	[0.37,0.26, 0.37] 	[0.36,0.27, 0.37] 	[0.34,0.27, 0.4] 	[0.33,0.27, 0.4] 	[0.36,0.28, 0.36] 	[0.35,0.27, 0.37] 	
[0.2, 0.5, 0.2, 0.1] 	 [0.41,0.25, 0.35] 	[0.44,0.25, 0.31] 	[0.42,0.26, 0.33] 	[0.39,0.26, 0.35] 	[0.39,0.26, 0.34] 	[0.39,0.26, 0.35] 	[0.39,0.26, 0.35] 	[0.38,0.26, 0.37] 	[0.37,0.27, 0.36] 	[0.35,0.26, 0.39] 	[0.34,0.26, 0.39] 	[0.37,0.27, 0.35] 	[0.36,0.27, 0.36] 	
time: 1687.44624209404
